R1	2019	1	1	0	00	0.0
R1	2019	1	1	0	01	2.98
R1	2019	1	1	0	02	3.06
R1	2019	1	1	0	03	3.14
R1	2019	1	1	0	04	3.22
R1	2019	1	1	0	05	3.31
R1	2019	1	1	0	06	3.41
R1	2019	1	1	0	07	3.51
R1	2019	1	1	0	08	3.62
R1	2019	1	1	0	09	3.73
R1	2019	1	1	0	10	3.85
R1	2019	1	1	0	11	3.98
R1	2019	1	1	0	12	4.12
R1	2019	1	1	0	13	4.27
R1	2019	1	1	0	14	4.42
R1	2019	1	1	0	15	4.59
R1	2019	1	1	0	16	4.77
R1	2019	1	1	0	17	4.97
R1	2019	1	1	0	18	5.18
R1	2019	1	1	0	19	5.4
R1	2019	1	1	0	20	5.65
R1	2019	1	1	0	21	5.92
R1	2019	1	1	0	22	6.21
R1	2019	1	1	0	23	6.54
R1	2019	1	1	0	24	6.89
R1	2019	1	1	0	25	7.28
R1	2019	1	1	0	26	7.72
R1	2019	1	1	0	27	8.21
R1	2019	1	1	0	28	8.75
R1	2019	1	1	0	29	9.36
R1	2019	1	1	0	30	10.06
R1	2019	1	1	0	31	10.86
R1	2019	1	1	0	32	11.77
R1	2019	1	1	0	33	12.84
R1	2019	1	1	0	34	14.08
R1	2019	1	1	0	35	15.56
R1	2019	1	1	0	36	17.33
R1	2019	1	1	0	37	19.48
R1	2019	1	1	0	38	22.15
R1	2019	1	1	0	39	25.5
R1	2019	1	1	0	40	29.83
R1	2019	1	1	0	41	35.56
R1	2019	1	1	0	42	43.42
R1	2019	1	1	0	43	54.69
R1	2019	1	1	0	44	71.76
R1	2019	1	1	0	45	86.64
R1	2019	1	1	0	46	71.37
R1	2019	1	1	0	47	58.48
R1	2019	1	1	0	48	49.03
R1	2019	1	1	0	49	41.87
R1	2019	1	1	0	50	36.3
R1	2019	1	1	0	51	31.87
R1	2019	1	1	0	52	28.28
R1	2019	1	1	0	53	25.33
R1	2019	1	1	0	54	22.87
R1	2019	1	1	0	55	20.79
R1	2019	1	1	0	56	19.01
R1	2019	1	1	0	57	17.49
R1	2019	1	1	0	58	16.16
R1	2019	1	1	0	59	15.0
R1	2019	1	1	1	00	13.98
R1	2019	1	1	1	01	13.08
R1	2019	1	1	1	02	12.27
R1	2019	1	1	1	03	11.55
R1	2019	1	1	1	04	10.9
R1	2019	1	1	1	05	10.31
R1	2019	1	1	1	06	9.78
R1	2019	1	1	1	07	9.3
R1	2019	1	1	1	08	8.85
R1	2019	1	1	1	09	8.45
R1	2019	1	1	1	10	8.07
R1	2019	1	1	1	11	7.73
R1	2019	1	1	1	12	7.41
R1	2019	1	1	1	13	7.11
R1	2019	1	1	1	14	6.84
R1	2019	1	1	1	15	6.59
R1	2019	1	1	1	16	6.35
R1	2019	1	1	1	17	6.12
R1	2019	1	1	1	18	5.92
R1	2019	1	1	1	19	5.72
R1	2019	1	1	1	20	5.54
R1	2019	1	1	1	21	5.36
R1	2019	1	1	1	22	5.2
R1	2019	1	1	1	23	5.05
R1	2019	1	1	1	24	4.9
R1	2019	1	1	1	25	4.76
R1	2019	1	1	1	26	4.63
R1	2019	1	1	1	27	4.51
R1	2019	1	1	1	28	4.39
R1	2019	1	1	1	29	4.28
R1	2019	1	1	1	30	4.17
R1	2019	1	1	1	31	4.07
R1	2019	1	1	1	32	3.97
R1	2019	1	1	1	33	3.88
R1	2019	1	1	1	34	3.79
R1	2019	1	1	1	35	3.71
R1	2019	1	1	1	36	3.62
R1	2019	1	1	1	37	3.55
R1	2019	1	1	1	38	3.47
R1	2019	1	1	1	39	3.4
R1	2019	1	1	1	40	3.33
R1	2019	1	1	1	41	3.26
R1	2019	1	1	1	42	3.2
R1	2019	1	1	1	43	3.14
R1	2019	1	1	1	44	3.08
R1	2019	1	1	1	45	3.02
R1	2019	1	1	1	46	2.97
R1	2019	1	1	1	47	0.0
R1	2019	1	1	1	48	0.0
R1	2019	1	1	1	49	0.0
R1	2019	1	1	1	50	0.0
R1	2019	1	1	1	51	0.0
R1	2019	1	1	1	52	0.0
R1	2019	1	1	1	53	0.0
R1	2019	1	1	1	54	0.0
R1	2019	1	1	1	55	0.0
R1	2019	1	1	1	56	0.0
R1	2019	1	1	1	57	0.0
R1	2019	1	1	1	58	0.0
R1	2019	1	1	1	59	0.0
R1	2019	1	1	2	00	0.0
R1	2019	1	1	2	01	0.0
R1	2019	1	1	2	02	0.0
R1	2019	1	1	2	04	0.0
R1	2019	1	1	2	05	0.0
R1	2019	1	1	2	06	0.0
R1	2019	1	1	2	07	0.0
R1	2019	1	1	2	08	0.0
R1	2019	1	1	2	09	0.0
R1	2019	1	1	2	10	0.0
R1	2019	1	1	2	11	0.0
R1	2019	1	1	2	12	0.0
R1	2019	1	1	2	13	0.0
R1	2019	1	1	2	14	0.0
R1	2019	1	1	2	15	0.0
R1	2019	1	1	2	16	0.0
R1	2019	1	1	2	17	0.0
R1	2019	1	1	2	18	0.0
R1	2019	1	1	2	19	0.0
R1	2019	1	1	2	20	0.0
R1	2019	1	1	2	21	0.0
R1	2019	1	1	2	22	0.0
R1	2019	1	1	2	23	0.0
R1	2019	1	1	2	24	0.0
R1	2019	1	1	2	25	0.0
R1	2019	1	1	2	26	0.0
R1	2019	1	1	2	27	0.0
R1	2019	1	1	2	28	0.0
R1	2019	1	1	2	29	0.0
R1	2019	1	1	2	30	0.0
R1	2019	1	1	2	31	0.0
R1	2019	1	1	2	32	0.0
R1	2019	1	1	2	33	0.0
R1	2019	1	1	2	34	0.0
R1	2019	1	1	2	35	0.0
R1	2019	1	1	2	36	0.0
R1	2019	1	1	2	37	0.0
R1	2019	1	1	2	38	0.0
R1	2019	1	1	2	39	0.0
R1	2019	1	1	2	40	0.0
R1	2019	1	1	2	41	0.0
R1	2019	1	1	2	42	0.0
R1	2019	1	1	2	43	0.0
R1	2019	1	1	2	44	0.0
R1	2019	1	1	2	45	0.0
R1	2019	1	1	2	46	0.0
