R1	2019	1	1	0	00	0.0
R1	2019	1	1	0	01	47.72
R1	2019	1	1	0	02	48.1
R1	2019	1	1	0	03	48.5
R1	2019	1	1	0	04	48.91
R1	2019	1	1	0	05	49.32
R1	2019	1	1	0	06	49.75
R1	2019	1	1	0	07	50.18
R1	2019	1	1	0	08	50.63
R1	2019	1	1	0	09	51.09
R1	2019	1	1	0	10	51.56
R1	2019	1	1	0	11	52.04
R1	2019	1	1	0	12	52.53
R1	2019	1	1	0	13	53.04
R1	2019	1	1	0	14	53.56
R1	2019	1	1	0	15	54.09
R1	2019	1	1	0	16	54.64
R1	2019	1	1	0	17	55.2
R1	2019	1	1	0	18	55.78
R1	2019	1	1	0	19	56.38
R1	2019	1	1	0	20	56.99
R1	2019	1	1	0	21	57.62
R1	2019	1	1	0	22	58.27
R1	2019	1	1	0	23	58.94
R1	2019	1	1	0	24	59.64
R1	2019	1	1	0	25	60.35
R1	2019	1	1	0	26	61.09
R1	2019	1	1	0	27	61.85
R1	2019	1	1	0	28	62.64
R1	2019	1	1	0	29	63.46
R1	2019	1	1	0	30	64.3
R1	2019	1	1	0	31	65.18
R1	2019	1	1	0	32	66.09
R1	2019	1	1	0	33	67.04
R1	2019	1	1	0	34	68.02
R1	2019	1	1	0	35	69.04
R1	2019	1	1	0	36	70.1
R1	2019	1	1	0	37	71.21
R1	2019	1	1	0	38	72.36
R1	2019	1	1	0	39	73.57
R1	2019	1	1	0	40	74.83
R1	2019	1	1	0	41	76.15
R1	2019	1	1	0	42	77.53
R1	2019	1	1	0	43	78.98
R1	2019	1	1	0	44	80.5
R1	2019	1	1	0	45	82.11
R1	2019	1	1	0	46	83.8
R1	2019	1	1	0	47	85.58
R1	2019	1	1	0	48	87.47
R1	2019	1	1	0	49	89.47
R1	2019	1	1	0	50	91.59
R1	2019	1	1	0	51	93.84
R1	2019	1	1	0	52	96.25
R1	2019	1	1	0	53	98.82
R1	2019	1	1	0	54	101.57
R1	2019	1	1	0	55	104.53
R1	2019	1	1	0	56	107.72
R1	2019	1	1	0	57	111.16
R1	2019	1	1	0	58	114.9
R1	2019	1	1	0	59	118.97
R1	2019	1	1	1	00	123.42
R1	2019	1	1	1	01	128.31
R1	2019	1	1	1	02	133.71
R1	2019	1	1	1	03	139.7
R1	2019	1	1	1	04	146.39
R1	2019	1	1	1	05	153.92
R1	2019	1	1	1	06	162.46
R1	2019	1	1	1	07	172.22
R1	2019	1	1	1	08	183.49
R1	2019	1	1	1	09	196.66
R1	2019	1	1	1	10	212.25
R1	2019	1	1	1	11	230.99
R1	2019	1	1	1	12	253.96
R1	2019	1	1	1	13	282.74
R1	2019	1	1	1	14	319.8
R1	2019	1	1	1	15	369.24
R1	2019	1	1	1	16	382.1
R1	2019	1	1	1	17	337.17
R1	2019	1	1	1	18	301.98
R1	2019	1	1	1	19	273.91
R1	2019	1	1	1	20	251.02
R1	2019	1	1	1	21	232.0
R1	2019	1	1	1	22	215.96
R1	2019	1	1	1	23	202.25
R1	2019	1	1	1	24	190.39
R1	2019	1	1	1	25	180.04
R1	2019	1	1	1	26	170.92
R1	2019	1	1	1	27	162.82
R1	2019	1	1	1	28	155.59
R1	2019	1	1	1	29	149.08
R1	2019	1	1	1	30	143.19
R1	2019	1	1	1	31	137.84
R1	2019	1	1	1	32	132.95
R1	2019	1	1	1	33	128.47
R1	2019	1	1	1	34	124.34
R1	2019	1	1	1	35	120.53
R1	2019	1	1	1	36	117.0
R1	2019	1	1	1	37	113.71
R1	2019	1	1	1	38	110.65
R1	2019	1	1	1	39	107.79
R1	2019	1	1	1	40	105.1
R1	2019	1	1	1	41	102.59
R1	2019	1	1	1	42	100.22
R1	2019	1	1	1	43	97.98
R1	2019	1	1	1	44	95.87
R1	2019	1	1	1	45	93.87
R1	2019	1	1	1	46	91.98
R1	2019	1	1	1	47	90.18
R1	2019	1	1	1	48	88.47
R1	2019	1	1	1	49	86.84
R1	2019	1	1	1	50	85.28
R1	2019	1	1	1	51	83.8
R1	2019	1	1	1	52	82.39
R1	2019	1	1	1	53	81.03
R1	2019	1	1	1	54	79.73
R1	2019	1	1	1	55	78.48
R1	2019	1	1	1	56	77.29
R1	2019	1	1	1	57	76.14
R1	2019	1	1	1	58	75.03
R1	2019	1	1	1	59	73.97
R1	2019	1	1	2	00	72.95
R1	2019	1	1	2	01	71.96
R1	2019	1	1	2	02	70.08
R1	2019	1	1	2	04	69.19
R1	2019	1	1	2	05	68.33
R1	2019	1	1	2	06	67.5
R1	2019	1	1	2	07	66.7
R1	2019	1	1	2	08	65.92
R1	2019	1	1	2	09	65.16
R1	2019	1	1	2	10	64.42
R1	2019	1	1	2	11	63.71
R1	2019	1	1	2	12	63.02
R1	2019	1	1	2	13	62.35
R1	2019	1	1	2	14	61.7
R1	2019	1	1	2	15	61.06
R1	2019	1	1	2	16	60.44
R1	2019	1	1	2	17	59.84
R1	2019	1	1	2	18	59.26
R1	2019	1	1	2	19	58.69
R1	2019	1	1	2	20	58.13
R1	2019	1	1	2	21	57.59
R1	2019	1	1	2	22	57.06
R1	2019	1	1	2	23	56.55
R1	2019	1	1	2	24	56.05
R1	2019	1	1	2	25	55.55
R1	2019	1	1	2	26	55.08
R1	2019	1	1	2	27	54.61
R1	2019	1	1	2	28	54.15
R1	2019	1	1	2	29	53.7
R1	2019	1	1	2	30	53.26
R1	2019	1	1	2	31	52.84
R1	2019	1	1	2	32	52.42
R1	2019	1	1	2	33	52.01
R1	2019	1	1	2	34	51.61
R1	2019	1	1	2	35	51.21
R1	2019	1	1	2	36	50.83
R1	2019	1	1	2	37	50.45
R1	2019	1	1	2	38	50.08
R1	2019	1	1	2	39	49.72
R1	2019	1	1	2	40	49.36
R1	2019	1	1	2	41	49.01
R1	2019	1	1	2	42	48.67
R1	2019	1	1	2	43	48.34
R1	2019	1	1	2	44	48.01
R1	2019	1	1	2	45	47.68
R1	2019	1	1	2	46	0.0
R1	2019	1	1	2	47	0.0
R1	2019	1	1	2	48	0.0
R1	2019	1	1	2	49	0.0
R1	2019	1	1	2	50	0.0
R1	2019	1	1	2	51	0.0
R1	2019	1	1	2	52	0.0
R1	2019	1	1	2	53	0.0
R1	2019	1	1	2	54	0.0
R1	2019	1	1	2	55	0.0
R1	2019	1	1	2	56	0.0
R1	2019	1	1	2	57	0.0
R1	2019	1	1	2	58	0.0
R1	2019	1	1	2	59	0.0
R1	2019	1	1	3	00	0.0
R1	2019	1	1	3	01	0.0
R1	2019	1	1	3	02	0.0
R1	2019	1	1	3	03	0.0
R1	2019	1	1	3	04	0.0
R1	2019	1	1	3	05	0.0
R1	2019	1	1	3	06	0.0
R1	2019	1	1	3	07	0.0
R1	2019	1	1	3	08	0.0
R1	2019	1	1	3	09	0.0
R1	2019	1	1	3	10	0.0
R1	2019	1	1	3	11	0.0
R1	2019	1	1	3	12	0.0
R1	2019	1	1	3	13	0.0
R1	2019	1	1	3	14	0.0
R1	2019	1	1	3	15	0.0
R1	2019	1	1	3	16	0.0
R1	2019	1	1	3	17	0.0
R1	2019	1	1	3	18	0.0
R1	2019	1	1	3	19	0.0
R1	2019	1	1	3	20	0.0
R1	2019	1	1	3	21	0.0
R1	2019	1	1	3	22	0.0
R1	2019	1	1	3	23	0.0
R1	2019	1	1	3	24	0.0
R1	2019	1	1	3	25	0.0
R1	2019	1	1	3	26	0.0
R1	2019	1	1	3	27	0.0
R1	2019	1	1	3	28	0.0
R1	2019	1	1	3	29	0.0
R1	2019	1	1	3	30	0.0
R1	2019	1	1	3	31	0.0
R1	2019	1	1	3	32	0.0
R1	2019	1	1	3	33	0.0
R1	2019	1	1	3	34	0.0
R1	2019	1	1	3	35	0.0
R1	2019	1	1	3	36	0.0
R1	2019	1	1	3	37	0.0
R1	2019	1	1	3	38	0.0
R1	2019	1	1	3	39	0.0
R1	2019	1	1	3	40	0.0
R1	2019	1	1	3	41	0.0
R1	2019	1	1	3	42	0.0
R1	2019	1	1	3	43	0.0
R1	2019	1	1	3	44	0.0
R1	2019	1	1	3	45	0.0
